100 92574 -20.19
150 140011 -20.14
200 185364 -20.27
250 233314 -20.22
300 279906 -20.11
350 328549 -20.14
400 383757 -19.76
450 446889 -19.28
500 514333 -18.63
550 591549 -17.72
600 672506 -17.06
650 768786 -16.01
700 866669 -14.93
750 973706 -14.5
800 1103771 -12.97
850 1237096 -10.82
900 1386729 -7.81
300 52024 1.32
350 61011 1.34
400 69601 1.26
450 79001 1.4
500 87111 1.33
550 95159 0.99
600 103792 1.12
650 112217 1.27
700 120884 1.24
750 129535 1.23
800 138384 1.29
950 1546606 -3.71
850 147488 1.45
900 155576 1.25
950 164018 1.07
1000 173536 1.4
1050 181845 1.36
1100 190740 1.22
1150 198941 1.18
1200 207959 1.21
1250 216475 1.27
1300 225082 1.18
1350 233807 1.26
1400 241794 1.13
1450 250241 1.07
1500 259299 1.32
1550 267564 1.25
1600 276498 1.25
1650 286099 1.65
1700 295494 1.74
1750 305314 1.75
1800 316392 2.15
1000 1707879 1.25
1850 327860 2.57
1900 338692 2.55
1950 350522 2.69
2000 363363 3.2
2050 376778 3.74
2100 391455 4.39
2150 407606 5.24
2200 424316 5.97
2250 440502 5.89
2300 457618 5.96
1050 1834248 8.08
2350 475151 6.31
2400 492721 6.32
2450 508862 5.89
2500 527583 6.34
2550 545097 6.8
2600 565030 7.01
2650 586892 8.49
1100 1959925 12.55
2700 606646 8.55
2750 627083 7.83
2800 650718 9.08
2850 675230 10.95
2900 699164 11.02
1150 2065286 14.89
2950 725596 11.58
3000 751413 12.72
3050 777437 12.92
3100 808288 15.02
1200 2160934 17.65
3150 842296 18.66
3200 880131 22.25
1250 2251419 19.13
3250 924837 27.73
3300 975985 34.76
1300 2339959 19.82
3350 1039546 45.64
1350 2428958 20.02
3400 1105626 59.05
3450 1171964 64.59
1400 2516329 20.11
3500 1243338 69.22
1450 2604613 20.25
3550 1312030 78.35
1500 2696107 19.98
3600 1383142 85.78
1550 2783552 19.99
3650 1452876 92.44
1600 2873533 20.07
3700 1524833 99.03
3750 1598515 108.33
1650 2961699 20.0
3800 1673317 133.9
1700 3048506 20.24
3850 1748413 153.33
1750 3135981 20.26
3900 1826456 161.84
1800 3223597 20.11
3950 1906111 182.42
1850 3312735 20.01
4000 1987916 199.68
1900 3399721 20.16
4050 2070185 218.66
1950 3488612 20.12
4100 2153231 239.21
2000 3576403 20.03
4150 2236035 247.71
2050 3662736 20.26
4200 2325137 260.05
2100 3750581 20.26
4250 2417893 277.63
2150 3838277 20.18
4300 2507992 292.31
2200 3924695 20.33
4350 2610009 310.63
2250 4011965 20.33
2300 4098778 20.26
4400 2723862 326.89
2350 4186880 20.2
4450 2843007 345.31
2400 4273917 20.23
4500 2972032 360.9
2450 4360704 20.42
2500 4447921 20.43
4550 3096323 359.16
2550 4535275 20.32
2600 4622974 20.26
4600 3225476 331.34
2650 4709977 20.27
2700 4798914 20.11
4650 3384754 333.07
2750 4885480 20.14
2800 4971303 20.44
4700 3546508 355.82
2850 5056748 20.55
2900 5142289 20.55
4750 3684344 359.97
2950 5228096 20.53
3000 5314904 20.38
4800 3833756 356.75
3050 5400999 20.45
3100 5487477 20.47
4850 4005560 346.15
3150 5573701 20.39
3200 5660005 20.46
4900 4148475 354.29
3250 5745940 20.46
3300 5833842 20.34
4950 4294317 340.96
3350 5920194 20.25
